{"cells":[{"cell_type":"code","execution_count":95,"metadata":{},"outputs":[],"source":["from datetime import datetime, date, time, timedelta\n","import numpy as np\n","import pandas as pd\n","import matplotlib.pyplot as plt\n","from sklearn.metrics import mean_absolute_error\n","from utils import *\n","from median_optimization import optimal_median"]},{"cell_type":"code","execution_count":96,"metadata":{},"outputs":[],"source":["TRAIN_START = \"2023-10-02 00:00\"\n","TRAIN_END = \"2023-12-17 23:59\"\n","\n","\n","TEST_START = \"2023-10-28 00:00\"\n","TEST_END = \"2023-10-31 23:59\"\n","test_rain_dates = []\n","\n","PUBLIC_START = \"2023-10-21 00:00\"\n","PUBLIC_END = \"2023-10-24 23:59\"\n","public_rain_dates = []\n","\n","PRIVATE_START = \"2023-12-18 00:00\"\n","PRIVARE_END = \"2023-12-24 23:59\"\n","private_rain_dates = [date(2023, 12, 19), date(2023,12,20)]\n"]},{"cell_type":"code","execution_count":97,"metadata":{},"outputs":[],"source":["with open(\"./cache/small_data_cache.pkl\", \"rb\") as f:\n","    df = pd.read_pickle(f)\n","with open(\"../html.2023.final.data/sno_test_set.txt\") as f:\n","    ntu_snos = [l.strip() for l in f.read().splitlines()]\n","with open(\"./cache/1003-1222_rain.pkl\",\"rb\") as f:\n","    rain_df = pd.read_pickle(f)"]},{"cell_type":"markdown","metadata":{},"source":["ntu_snos = ['500119048','500119083']"]},{"cell_type":"code","execution_count":98,"metadata":{},"outputs":[],"source":["ntu_tots = get_tot(df, ntu_snos)\n","\n","holidays = [d for d in date_range(start=TRAIN_START, end=PRIVARE_END) if is_holiday(d)]"]},{"cell_type":"code","execution_count":99,"metadata":{},"outputs":[{"name":"stdout","output_type":"stream","text":["                        time        sno  tot  sbi act            datehour  \\\n","0        2023-10-02 00:00:00  500101001   28   12   1 2023-10-02 00:00:00   \n","1        2023-10-02 00:01:00  500101001   28   12   1 2023-10-02 00:00:00   \n","2        2023-10-02 00:02:00  500101001   28   13   1 2023-10-02 00:00:00   \n","3        2023-10-02 00:03:00  500101001   28   13   1 2023-10-02 00:00:00   \n","4        2023-10-02 00:04:00  500101001   28   13   1 2023-10-02 00:00:00   \n","...                      ...        ...  ...  ...  ..                 ...   \n","11052404 2023-12-17 23:17:00  500119091   18   11   1 2023-12-17 23:00:00   \n","11052405 2023-12-17 23:18:00  500119091   18   11   1 2023-12-17 23:00:00   \n","11052406 2023-12-17 23:19:00  500119091   18   11   1 2023-12-17 23:00:00   \n","11052407 2023-12-17 23:20:00  500119091   18   11   1 2023-12-17 23:00:00   \n","11052408 2023-12-17 23:21:00  500119091   18   11   1 2023-12-17 23:00:00   \n","\n","          rain  \n","0          0.0  \n","1          0.0  \n","2          0.0  \n","3          0.0  \n","4          0.0  \n","...        ...  \n","11052404   0.0  \n","11052405   0.0  \n","11052406   0.0  \n","11052407   0.0  \n","11052408   0.0  \n","\n","[11052409 rows x 7 columns]\n"]},{"data":{"text/html":["<div>\n","<style scoped>\n","    .dataframe tbody tr th:only-of-type {\n","        vertical-align: middle;\n","    }\n","\n","    .dataframe tbody tr th {\n","        vertical-align: top;\n","    }\n","\n","    .dataframe thead th {\n","        text-align: right;\n","    }\n","</style>\n","<table border=\"1\" class=\"dataframe\">\n","  <thead>\n","    <tr style=\"text-align: right;\">\n","      <th></th>\n","      <th>tot</th>\n","      <th>sbi</th>\n","      <th>rain</th>\n","    </tr>\n","  </thead>\n","  <tbody>\n","    <tr>\n","      <th>count</th>\n","      <td>1.105241e+07</td>\n","      <td>1.105241e+07</td>\n","      <td>1.105241e+07</td>\n","    </tr>\n","    <tr>\n","      <th>mean</th>\n","      <td>2.578958e+01</td>\n","      <td>7.514006e+00</td>\n","      <td>1.448680e-01</td>\n","    </tr>\n","    <tr>\n","      <th>std</th>\n","      <td>1.701789e+01</td>\n","      <td>1.029793e+01</td>\n","      <td>6.259187e-01</td>\n","    </tr>\n","    <tr>\n","      <th>min</th>\n","      <td>5.000000e+00</td>\n","      <td>0.000000e+00</td>\n","      <td>0.000000e+00</td>\n","    </tr>\n","    <tr>\n","      <th>25%</th>\n","      <td>1.500000e+01</td>\n","      <td>1.000000e+00</td>\n","      <td>0.000000e+00</td>\n","    </tr>\n","    <tr>\n","      <th>50%</th>\n","      <td>2.000000e+01</td>\n","      <td>4.000000e+00</td>\n","      <td>0.000000e+00</td>\n","    </tr>\n","    <tr>\n","      <th>75%</th>\n","      <td>3.000000e+01</td>\n","      <td>1.100000e+01</td>\n","      <td>0.000000e+00</td>\n","    </tr>\n","    <tr>\n","      <th>max</th>\n","      <td>9.900000e+01</td>\n","      <td>9.900000e+01</td>\n","      <td>9.000000e+00</td>\n","    </tr>\n","  </tbody>\n","</table>\n","</div>"],"text/plain":["                tot           sbi          rain\n","count  1.105241e+07  1.105241e+07  1.105241e+07\n","mean   2.578958e+01  7.514006e+00  1.448680e-01\n","std    1.701789e+01  1.029793e+01  6.259187e-01\n","min    5.000000e+00  0.000000e+00  0.000000e+00\n","25%    1.500000e+01  1.000000e+00  0.000000e+00\n","50%    2.000000e+01  4.000000e+00  0.000000e+00\n","75%    3.000000e+01  1.100000e+01  0.000000e+00\n","max    9.900000e+01  9.900000e+01  9.000000e+00"]},"execution_count":99,"metadata":{},"output_type":"execute_result"}],"source":["df['datehour'] = df['time'].dt.floor(\"H\")\n","rain_df.rename(columns={'datetime':'datehour'},inplace=True)\n","\n","df = df.merge(rain_df,on='datehour',how='left')\n","df['rain'].fillna(0,inplace=True)\n","print(df)\n","df.describe()"]},{"cell_type":"code","execution_count":100,"metadata":{},"outputs":[],"source":["morning_filter = (df[\"datehour\"].dt.hour >= 7) & (df['datehour'].dt.hour <= 21)\n","rain_hours = df['datehour'][ (df[\"sno\"] == \"500101001\") & morning_filter &(df['rain'] >= 0.3) ].drop_duplicates() # 0.3 for dribble , 0.5 for small rain\n","rain_dates = rain_hours.dt.date.drop_duplicates()\n","\n","#print(rain_dates.describe()) # 0.3: 28, 0.5: 15 total:63-62 days\n","\n","date_rain_hour_cnt = rain_hours.dt.date.value_counts()\n","#print(date_rain_hour_cnt)"]},{"cell_type":"code","execution_count":101,"metadata":{},"outputs":[{"name":"stdout","output_type":"stream","text":["<PandasArray>\n","[ datetime.date(2023, 10, 3),  datetime.date(2023, 10, 4),\n","  datetime.date(2023, 10, 5), datetime.date(2023, 10, 20),\n"," datetime.date(2023, 11, 10), datetime.date(2023, 11, 12),\n"," datetime.date(2023, 11, 14), datetime.date(2023, 11, 16),\n"," datetime.date(2023, 11, 24), datetime.date(2023, 11, 25),\n"," datetime.date(2023, 11, 26), datetime.date(2023, 11, 29),\n"," datetime.date(2023, 11, 30),  datetime.date(2023, 12, 1),\n","  datetime.date(2023, 12, 4),  datetime.date(2023, 12, 5),\n","  datetime.date(2023, 12, 6), datetime.date(2023, 12, 17)]\n","Length: 18, dtype: object\n"]}],"source":["long_rain_dates = rain_dates[rain_dates.isin(date_rain_hour_cnt.index[date_rain_hour_cnt >= 7])]\n","#print(long_rain_dates) # 12\n","#print(long_rain_dates.describe())\n","rainy_dates = long_rain_dates.array # 12\n","print(rainy_dates)"]},{"cell_type":"markdown","metadata":{},"source":["delete rain processing variables"]},{"cell_type":"code","execution_count":102,"metadata":{},"outputs":[],"source":["del rain_df\n","del morning_filter\n","del rain_hours, rain_dates\n","del date_rain_hour_cnt\n","del long_rain_dates"]},{"cell_type":"markdown","metadata":{},"source":["Only one main table. Then always slice from it"]},{"cell_type":"code","execution_count":103,"metadata":{},"outputs":[],"source":["#old_tb = pd.pivot_table(df, index=\"time\", columns=\"sno\", values=\"sbi\") # for patching\n","tb = (\n","    pd.pivot_table(df, index=\"time\", columns=\"sno\", values=\"sbi\")\n","    .resample(\"20min\")\n","    .first()\n",")\n","# exclude long holidays\n","#tb_rainy = tb[~tb.index.to_series().dt.date.isin(long_holiday)]\n","#tb_sunny = tb_rainy[~tb_rainy.index.to_series().dt.date.isin(rainy_dates)]\n","# [] only provides view,so assigning to it cause warning\n"]},{"cell_type":"markdown","metadata":{},"source":["Training"]},{"cell_type":"code","execution_count":104,"metadata":{},"outputs":[],"source":["def prep_train_data(tb)->pd.DataFrame:\n","    train = tb[tb.index.to_series().dt.date.isin(date_range(TRAIN_START, TRAIN_END))].copy()\n","    train.reset_index(names=\"time\", inplace=True)\n","    train[\"weekday\"] = train[\"time\"].dt.weekday\n","    train.set_index([\"time\", \"weekday\"], inplace=True)\n","    return train\n","\n","def prep_sd_data(train,sno)->pd.DataFrame:\n","    sd = train[sno].to_frame()\n","    sd.rename(columns={sno: \"sbi\"}, inplace=True)\n","    sd.reset_index([\"time\", \"weekday\"], inplace=True)\n","    sd[\"date\"] = sd[\"time\"].dt.date\n","    sd[\"time\"] = sd[\"time\"].dt.time\n","    sd = pd.pivot_table(sd, index=[\"date\", \"weekday\"], columns=\"time\", values=\"sbi\")\n","    return sd\n","\n","#def trans(s):\n","#    if s in range(5):\n","#        return 0\n","#    return s"]},{"cell_type":"markdown","metadata":{},"source":["sd:\n","```\n","time                \t00:00:00  00:20:00  00:40:00  01:00:00  01:20:00  ...\n","date       weekday \t\tsbi\n","```"]},{"cell_type":"markdown","metadata":{},"source":["Training data"]},{"cell_type":"code","execution_count":105,"metadata":{},"outputs":[],"source":["train = prep_train_data(tb)\n","\n","result_df = pd.DataFrame(\n","            columns=ntu_snos,\n","            index=pd.MultiIndex.from_product(\n","                [[True,False],pd.date_range(\"00:00\", \"23:59\", freq=\"20min\").time, [d for d in range(7)]],\n","                names=(\"rain\",\"time\", \"weekday\"),\n","            ),\n","            dtype=np.float64,\n","        )\n","        \n","Ein={True:0.0,False:0.0} # rain"]},{"cell_type":"markdown","metadata":{},"source":["from matplotlib import legend\n","\n","\n","def plot(sd,sno):\n","    dsd = sd.droplevel('weekday')\n","    tsd = dsd.T\n","    rain_filter = dsd.index.to_series().isin(rainy_dates)\n","    trdsd = dsd[rain_filter].T\n","    tsdsd = dsd[~rain_filter].T\n","\n","    #ax = trdsd.plot(color=\"blue\", lw=0.8,  legend=False)\n","    #ax = tsdsd.plot(ax=ax, color=\"green\", lw=0.3, alpha=0.8,  legend=False)\n","    \n","    #std = tsd.std(axis=1)\n","    #ax = std.plot(ax=ax, color=\"orange\", legend=False)\n","    \n","    # sunny weekday avg\n","    twsdsd = sd[(~rain_filter).values].droplevel('date').groupby(level=0).mean().T\n","    twsdsd.columns = ['Mon', 'Tue', 'Wed', 'Thu', 'Fri', 'Sat', 'Sun']\n","    mon = twsdsd['Mon']\n","    twsdsd.drop(columns=['Mon','Sat','Sun'],inplace=True)\n","    #mean = twsdsd.mean(axis=1)\n","    #mean.name = 'Mean'\n","    #ax = mean.plot(ax=ax, color=\"red\", lw=2)\n","    #ax = mean.plot(color=\"red\", lw=2,legend=True)\n","    #twsdsd.drop(columns=['Sat','Sun'],inplace=True)\n","    ax = mon.plot(color='red',lw=2,legend=True)\n","    ax = twsdsd.plot(ax=ax, color='blue', lw=2)\n","\n","    #plt.savefig(f\"./week_rain_lines/{sno}.png\")\n","    plt.show()\n","    #plt.close(ax.get_figure())"]},{"cell_type":"markdown","metadata":{},"source":["for sno in ntu_snos:\n","    plot(prep_sd_data(train,sno),sno)"]},{"cell_type":"code","execution_count":106,"metadata":{},"outputs":[],"source":["from scipy.spatial.distance import euclidean\n","def find_specials(sd):\n","    grouped_stats = sd.droplevel('date').groupby(level=0).mean().drop([5, 6]).T\n","    time_series_data = grouped_stats.iloc[:, :5].values.T\n","    # Initialize an empty distance matrix\n","    distance_matrix = np.zeros((5, 5))\n","\n","    for i in range(5):\n","        for j in range(i):\n","            distance = euclidean(time_series_data[i], time_series_data[j])\n","            distance_matrix[i][j] = distance_matrix[j][i]= distance\n","            #print(f\"{i} vs {j}\")\n","            #print(distance)\n","            #print(path)\n","    print(distance_matrix)\n","    means = np.mean(distance_matrix, axis=1)\n","    std=  np.std(means)\n","    mean = np.mean(means)\n","    #cv = std/mean\n","    specials=[]\n","    for i in range(5):\n","        if np.abs(means[i] - mean) > 1.7 * std:\n","            specials.append(i)\n","    print(f\"means: {means}\")\n","    print(f\"mean: {mean}\")\n","    print(f\"std: {std}\")\n","    return specials\n","    #print(f\"cv: {std/mean}\")\n","    \n","    # do classification"]},{"cell_type":"markdown","metadata":{},"source":["for sno in ntu_snos:\n","    print(find_specials(prep_sd_data(train,sno)))"]},{"cell_type":"code","execution_count":107,"metadata":{},"outputs":[{"name":"stdout","output_type":"stream","text":["[[ 0.         21.35727823 19.82786649 24.61083772 24.51838564]\n"," [21.35727823  0.         18.89104152 16.16050665 22.49406232]\n"," [19.82786649 18.89104152  0.         19.65776726 18.86744451]\n"," [24.61083772 16.16050665 19.65776726  0.         21.69645531]\n"," [24.51838564 22.49406232 18.86744451 21.69645531  0.        ]]\n","means: [18.06287362 15.78057774 15.44882395 16.42511339 17.51526955]\n","mean: 16.646531651270607\n","std: 0.9994134328035655\n","[[ 0.         11.73397515 14.82501726 19.16331372 18.46487155]\n"," [11.73397515  0.         10.64327257 12.30772115 15.46382876]\n"," [14.82501726 10.64327257  0.         11.26469474 12.56663508]\n"," [19.16331372 12.30772115 11.26469474  0.         15.6506577 ]\n"," [18.46487155 15.46382876 12.56663508 15.6506577   0.        ]]\n","means: [12.83743554 10.02975953  9.85992393 11.67727746 12.42919862]\n","mean: 11.366719015257535\n","std: 1.2203449214502746\n","[[ 0.         12.49727872 20.22552055 28.28869905 18.32490379]\n"," [12.49727872  0.         18.84714187 23.15501439 13.18299035]\n"," [20.22552055 18.84714187  0.         18.75061864 22.36529895]\n"," [28.28869905 23.15501439 18.75061864  0.         19.49671704]\n"," [18.32490379 13.18299035 22.36529895 19.49671704  0.        ]]\n","means: [15.86728042 13.53648506 16.037716   17.93820982 14.67398203]\n","mean: 15.6107346673043\n","std: 1.4727719654033231\n","[[ 0.         16.55749429 18.95520006 13.75719789 13.18537817]\n"," [16.55749429  0.          7.87806569  9.62845577 13.96535838]\n"," [18.95520006  7.87806569  0.         10.04019485 14.70169454]\n"," [13.75719789  9.62845577 10.04019485  0.         13.04492238]\n"," [13.18537817 13.96535838 14.70169454 13.04492238  0.        ]]\n","means: [12.49105408  9.60587483 10.31503103  9.29415418 10.9794707 ]\n","mean: 10.537116962340296\n","std: 1.1379839765866697\n","[[ 0.         12.01022712 17.4595237  21.01846924 11.64818642]\n"," [12.01022712  0.         12.38369399 13.81405171  9.72278094]\n"," [17.4595237  12.38369399  0.         11.24697522 13.76066208]\n"," [21.01846924 13.81405171 11.24697522  0.         13.03272235]\n"," [11.64818642  9.72278094 13.76066208 13.03272235  0.        ]]\n","means: [12.4272813   9.58615075 10.970171   11.82244371  9.63287036]\n","mean: 10.88778342245701\n","std: 1.1418831527479678\n","[[ 0.          8.41682618 10.66562026  7.74085681 11.62493064]\n"," [ 8.41682618  0.          6.93829392 10.19598686  6.11502905]\n"," [10.66562026  6.93829392  0.          9.18433259  8.16933241]\n"," [ 7.74085681 10.19598686  9.18433259  0.         12.92114259]\n"," [11.62493064  6.11502905  8.16933241 12.92114259  0.        ]]\n","means: [7.68964678 6.3332272  6.99151584 8.00846377 7.76608694]\n","mean: 7.3577881052025775\n","std: 0.6138562307556072\n","[[ 0.         12.61947838 18.51330616 18.63308156 17.41206478]\n"," [12.61947838  0.          7.57624039  8.76133481  8.13546572]\n"," [18.51330616  7.57624039  0.          5.7549902   7.46304715]\n"," [18.63308156  8.76133481  5.7549902   0.          8.78898722]\n"," [17.41206478  8.13546572  7.46304715  8.78898722  0.        ]]\n","means: [13.43558618  7.41850386  7.86151678  8.38767876  8.35991297]\n","mean: 9.092639709298345\n","std: 2.2006106849017555\n","[[ 0.         13.13041423 19.54089151 29.9364141  29.33723459]\n"," [13.13041423  0.         19.08339572 31.65346898 30.32268637]\n"," [19.54089151 19.08339572  0.         20.89159447 27.37700377]\n"," [29.9364141  31.65346898 20.89159447  0.         21.02484715]\n"," [29.33723459 30.32268637 27.37700377 21.02484715  0.        ]]\n","means: [18.38899089 18.83799306 17.3785771  20.70126494 21.61235438]\n","mean: 19.38383607140433\n","std: 1.54987985021983\n","[[ 0.         17.87742904 15.85161975 21.97087578 15.57324391]\n"," [17.87742904  0.         18.34045711 25.15669658 22.62761342]\n"," [15.85161975 18.34045711  0.         12.64418211 11.28429075]\n"," [21.97087578 25.15669658 12.64418211  0.         13.65166747]\n"," [15.57324391 22.62761342 11.28429075 13.65166747  0.        ]]\n","means: [14.2546337  16.80043923 11.62410995 14.68468439 12.62736311]\n","mean: 13.998246074095988\n","std: 1.783539240526268\n","[[ 0.         20.13688956 18.7641627  25.18943047 23.56558225]\n"," [20.13688956  0.         23.26003295 24.51183136 19.19061949]\n"," [18.7641627  23.26003295  0.         24.43433991 24.01429212]\n"," [25.18943047 24.51183136 24.43433991  0.         21.52140192]\n"," [23.56558225 19.19061949 24.01429212 21.52140192  0.        ]]\n","means: [17.53121299 17.41987467 18.09456553 19.13140073 17.65837916]\n","mean: 17.967086617206622\n","std: 0.6255565932440335\n","[[ 0.          8.90929602 10.83864756 14.38143951  9.04744013]\n"," [ 8.90929602  0.          6.72861507  9.92249595 10.58418923]\n"," [10.83864756  6.72861507  0.          8.37479761 12.43240834]\n"," [14.38143951  9.92249595  8.37479761  0.         15.76613029]\n"," [ 9.04744013 10.58418923 12.43240834 15.76613029  0.        ]]\n","means: [8.63536464 7.22891926 7.67489372 9.68897267 9.5660336 ]\n","mean: 8.558836776859959\n","std: 0.9846364850130354\n","[[ 0.          8.8364425   8.88629519  8.84057704 12.37770297]\n"," [ 8.8364425   0.         10.49183862 11.9619768  10.09369073]\n"," [ 8.88629519 10.49183862  0.          9.9436923  13.42841317]\n"," [ 8.84057704 11.9619768   9.9436923   0.         13.18745663]\n"," [12.37770297 10.09369073 13.42841317 13.18745663  0.        ]]\n","means: [7.78820354 8.27678973 8.55004786 8.78674055 9.8174527 ]\n","mean: 8.643846877220405\n","std: 0.6743031895558083\n","[[ 0.         33.45715521 22.50085291 31.24588072 29.19611212]\n"," [33.45715521  0.         18.61329335 13.4687338  16.74813054]\n"," [22.50085291 18.61329335  0.         13.02560537 12.02068728]\n"," [31.24588072 13.4687338  13.02560537  0.         10.21737808]\n"," [29.19611212 16.74813054 12.02068728 10.21737808  0.        ]]\n","means: [23.28000019 16.45746258 13.23208778 13.59151959 13.6364616 ]\n","mean: 16.039506350099703\n","std: 3.801270858493174\n","[[0.         5.43010584 5.53575581 5.70899226 5.98438297]\n"," [5.43010584 0.         6.76407804 5.18095992 7.74736116]\n"," [5.53575581 6.76407804 0.         5.44256531 5.53177657]\n"," [5.70899226 5.18095992 5.44256531 0.         7.23243722]\n"," [5.98438297 7.74736116 5.53177657 7.23243722 0.        ]]\n","means: [4.53184737 5.02450099 4.65483515 4.71299094 5.29919158]\n","mean: 4.844673207333808\n","std: 0.2793434072649773\n","[[ 0.         16.93426288 11.52225658 23.8970322  20.84378997]\n"," [16.93426288  0.         16.53328261 14.032304   15.55926146]\n"," [11.52225658 16.53328261  0.         19.79594998 14.68951104]\n"," [23.8970322  14.032304   19.79594998  0.         13.22583984]\n"," [20.84378997 15.55926146 14.68951104 13.22583984  0.        ]]\n","means: [14.63946833 12.61182219 12.50820004 14.19022521 12.86368046]\n","mean: 13.362679245042376\n","std: 0.8784012166866727\n","[[0. 0. 0. 0. 0.]\n"," [0. 0. 0. 0. 0.]\n"," [0. 0. 0. 0. 0.]\n"," [0. 0. 0. 0. 0.]\n"," [0. 0. 0. 0. 0.]]\n","means: [0. 0. 0. 0. 0.]\n","mean: 0.0\n","std: 0.0\n","[[0.         4.18256227 4.77516383 6.23380866 8.41711953]\n"," [4.18256227 0.         4.07530282 5.02134948 6.93167715]\n"," [4.77516383 4.07530282 0.         4.2796783  7.19949111]\n"," [6.23380866 5.02134948 4.2796783  0.         6.05192552]\n"," [8.41711953 6.93167715 7.19949111 6.05192552 0.        ]]\n","means: [4.72173086 4.04217834 4.06592721 4.31735239 5.72004266]\n","mean: 4.573446293163222\n","std: 0.6232297944813234\n","[[  0.          76.14642409  51.82950355  73.15856278 103.57451543]\n"," [ 76.14642409   0.          56.11757666  71.34055952 106.88490348]\n"," [ 51.82950355  56.11757666   0.          54.20576602  98.87037585]\n"," [ 73.15856278  71.34055952  54.20576602   0.          87.42237191]\n"," [103.57451543 106.88490348  98.87037585  87.42237191   0.        ]]\n","means: [60.94180117 62.09789275 52.20464441 57.22545205 79.35043334]\n","mean: 62.36404474325982\n","std: 9.16787391926425\n","[[ 0.         33.72039534 33.04161118 18.40498456 35.08213467]\n"," [33.72039534  0.         15.49442462 19.70469331 20.27111306]\n"," [33.04161118 15.49442462  0.         20.83240079 14.48577227]\n"," [18.40498456 19.70469331 20.83240079  0.         23.72211293]\n"," [35.08213467 20.27111306 14.48577227 23.72211293  0.        ]]\n","means: [24.04982515 17.83812526 16.77084177 16.53283832 18.71222659]\n","mean: 18.780771417689078\n","std: 2.7476982298387718\n","[[ 0.         25.16225863 25.1639431  25.05182776 21.07793885]\n"," [25.16225863  0.         14.05726195 15.04147353 27.65279438]\n"," [25.1639431  14.05726195  0.         10.99200877 30.64559869]\n"," [25.05182776 15.04147353 10.99200877  0.         25.90149431]\n"," [21.07793885 27.65279438 30.64559869 25.90149431  0.        ]]\n","means: [19.29119367 16.3827577  16.1717625  15.39736087 21.05556525]\n","mean: 17.65972799699463\n","std: 2.152040442000699\n","[[  0.          59.85951145  52.48324613  81.64044326  99.60744927]\n"," [ 59.85951145   0.          39.93858503  68.48794884 110.21138444]\n"," [ 52.48324613  39.93858503   0.          52.09624082  87.34198592]\n"," [ 81.64044326  68.48794884  52.09624082   0.          67.2823496 ]\n"," [ 99.60744927 110.21138444  87.34198592  67.2823496    0.        ]]\n","means: [58.71813002 55.69948595 46.37201158 53.9013965  72.88863385]\n","mean: 57.51593158061403\n","std: 8.6984659287647\n","[[ 0.         21.99614164 17.97448327 28.97728144 47.33031941]\n"," [21.99614164  0.         16.1957053  19.70420147 32.72452171]\n"," [17.97448327 16.1957053   0.         17.34311287 33.89040956]\n"," [28.97728144 19.70420147 17.34311287  0.         25.01013622]\n"," [47.33031941 32.72452171 33.89040956 25.01013622  0.        ]]\n","means: [23.25564515 18.12411402 17.0807422  18.2069464  27.79107738]\n","mean: 20.891705030686232\n","std: 4.063999958087966\n","[[  0.          64.81336072  78.909905   104.71420718 121.16679301]\n"," [ 64.81336072   0.          33.34307954  57.76817121  71.34137719]\n"," [ 78.909905    33.34307954   0.          37.29544432  53.30064664]\n"," [104.71420718  57.76817121  37.29544432   0.          42.63674732]\n"," [121.16679301  71.34137719  53.30064664  42.63674732   0.        ]]\n","means: [73.92085318 45.45319773 40.5698151  48.48291401 57.68911283]\n","mean: 53.223178571349706\n","std: 11.7583044752894\n","[[ 0.         15.02765763 15.48463233 17.56970948 24.87094591]\n"," [15.02765763  0.         11.53236504 14.49485222 19.46777965]\n"," [15.48463233 11.53236504  0.         13.56602427 21.7929284 ]\n"," [17.56970948 14.49485222 13.56602427  0.         24.65303177]\n"," [24.87094591 19.46777965 21.7929284  24.65303177  0.        ]]\n","means: [14.59058907 12.10453091 12.47519001 14.05672355 18.15693715]\n","mean: 14.276794136009746\n","std: 2.1525293531101255\n","[[ 0.         22.04424843 24.03402218 27.37523662 30.67534096]\n"," [22.04424843  0.          8.46949977 12.91501662 12.1717341 ]\n"," [24.03402218  8.46949977  0.         10.46076105 13.38726516]\n"," [27.37523662 12.91501662 10.46076105  0.         18.8208874 ]\n"," [30.67534096 12.1717341  13.38726516 18.8208874   0.        ]]\n","means: [20.82576964 11.12009978 11.27030963 13.91438034 15.01104553]\n","mean: 14.428320983485602\n","std: 3.5340745716689983\n","[[ 0.         40.24434168 34.14712054 51.8718673  39.01381996]\n"," [40.24434168  0.         22.0815394  19.6208034  27.18318743]\n"," [34.14712054 22.0815394   0.         32.51438194 13.72254793]\n"," [51.8718673  19.6208034  32.51438194  0.         34.0345304 ]\n"," [39.01381996 27.18318743 13.72254793 34.0345304   0.        ]]\n","means: [33.0554299  21.82597438 20.49311796 27.60831661 22.79081714]\n","mean: 25.154731198115137\n","std: 4.62256359288282\n","[[ 0.         22.53766395 24.92453325 23.64970441 23.96318679]\n"," [22.53766395  0.         15.11237669 15.91866673 21.94456821]\n"," [24.92453325 15.11237669  0.         23.4782446  25.18774422]\n"," [23.64970441 15.91866673 23.4782446   0.         22.90952414]\n"," [23.96318679 21.94456821 25.18774422 22.90952414  0.        ]]\n","means: [19.01501768 15.10265512 17.74057975 17.19122798 18.80100467]\n","mean: 17.570097039722363\n","std: 1.4045501071314626\n","[[  0.          60.80408429  90.23771469 109.06783199 133.32224121]\n"," [ 60.80408429   0.          42.25983945  60.33258236  83.15448437]\n"," [ 90.23771469  42.25983945   0.          34.81395351  54.08910521]\n"," [109.06783199  60.33258236  34.81395351   0.          30.46606896]\n"," [133.32224121  83.15448437  54.08910521  30.46606896   0.        ]]\n","means: [78.68637444 49.31019809 44.28012257 46.93608736 60.20637995]\n","mean: 55.88383248377551\n","std: 12.621895512132786\n","[[  0.          81.21901118  94.57667686  88.50406561 106.88455986]\n"," [ 81.21901118   0.          21.44995649  28.39381127  37.39972107]\n"," [ 94.57667686  21.44995649   0.          29.6258497   24.93700693]\n"," [ 88.50406561  28.39381127  29.6258497    0.          28.28888452]\n"," [106.88455986  37.39972107  24.93700693  28.28888452   0.        ]]\n","means: [74.2368627  33.6925     34.117898   34.96252222 39.50203448]\n","mean: 43.302363479837176\n","std: 15.60540020071381\n","[[ 0.         12.8145654  13.31879847 16.86225605 19.11696939]\n"," [12.8145654   0.          9.86338329 15.60581167 21.70666962]\n"," [13.31879847  9.86338329  0.         11.52987482 17.76070582]\n"," [16.86225605 15.60581167 11.52987482  0.         13.1226644 ]\n"," [19.11696939 21.70666962 17.76070582 13.1226644   0.        ]]\n","means: [12.42251786 11.998086   10.49455248 11.42412139 14.34140185]\n","mean: 12.136135915572481\n","std: 1.277969567516697\n","[[ 0.         17.68332897 32.43983234 34.54752854 23.03037447]\n"," [17.68332897  0.         34.8550646  23.23727848 14.0589324 ]\n"," [32.43983234 34.8550646   0.         34.06403746 31.93937466]\n"," [34.54752854 23.23727848 34.06403746  0.         22.13445446]\n"," [23.03037447 14.0589324  31.93937466 22.13445446  0.        ]]\n","means: [21.54021286 17.96692089 26.65966181 22.79665979 18.2326272 ]\n","mean: 21.439216509798268\n","std: 3.20764566490564\n","[[ 0.         33.53493664 34.37643774 22.82205182 44.2177622 ]\n"," [33.53493664  0.         22.72750054 24.96101157 42.31558683]\n"," [34.37643774 22.72750054  0.         23.22463907 43.97558805]\n"," [22.82205182 24.96101157 23.22463907  0.         43.8468378 ]\n"," [44.2177622  42.31558683 43.97558805 43.8468378   0.        ]]\n","means: [26.99023768 24.70780712 24.86083308 22.97090805 34.87115498]\n","mean: 26.880188180826007\n","std: 4.193975843155914\n","[[ 0.         53.53040442 56.09290733 41.96857731 57.4593125 ]\n"," [53.53040442  0.         17.22388976 27.36740875 33.94013612]\n"," [56.09290733 17.22388976  0.         30.09477061 28.17944063]\n"," [41.96857731 27.36740875 30.09477061  0.         38.20120869]\n"," [57.4593125  33.94013612 28.17944063 38.20120869  0.        ]]\n","means: [41.81024031 26.41236781 26.31820166 27.52639307 31.55601959]\n","mean: 30.724644489040724\n","std: 5.862131011007739\n","[[ 0.         32.09986539 43.51832879 22.2998699  25.50195103]\n"," [32.09986539  0.         16.94689374 25.63811062 19.44358728]\n"," [43.51832879 16.94689374  0.         34.76338266 30.01805016]\n"," [22.2998699  25.63811062 34.76338266  0.         18.50814635]\n"," [25.50195103 19.44358728 30.01805016 18.50814635  0.        ]]\n","means: [24.68400302 18.82569141 25.04933107 20.24190191 18.69434696]\n","mean: 21.49905487354122\n","std: 2.805068556439129\n","[[ 0.         25.52474471 29.29154964 33.41184273 26.99813665]\n"," [25.52474471  0.         21.6693787  16.49934155 21.05016642]\n"," [29.29154964 21.6693787   0.         21.16532826 20.1418875 ]\n"," [33.41184273 16.49934155 21.16532826  0.         23.3250779 ]\n"," [26.99813665 21.05016642 20.1418875  23.3250779   0.        ]]\n","means: [23.04525475 16.94872628 18.45362882 18.88031809 18.30305369]\n","mean: 19.126196324944026\n","std: 2.0635290968928137\n","[[ 0.         29.99136501 27.74464    32.20119429 30.00119751]\n"," [29.99136501  0.         12.96797048  7.33512604 14.78007501]\n"," [27.74464    12.96797048  0.         15.27262569  9.89041744]\n"," [32.20119429  7.33512604 15.27262569  0.         17.84261441]\n"," [30.00119751 14.78007501  9.89041744 17.84261441  0.        ]]\n","means: [23.98767936 13.01490731 13.17513072 14.53031209 14.50286087]\n","mean: 15.842178069977502\n","std: 4.122391434707455\n","[[ 0.         61.93671103 41.37884577 78.74571358 61.19523805]\n"," [61.93671103  0.         26.89759897 31.57032714 11.47534125]\n"," [41.37884577 26.89759897  0.         42.16905065 26.6169992 ]\n"," [78.74571358 31.57032714 42.16905065  0.         34.31661765]\n"," [61.19523805 11.47534125 26.6169992  34.31661765  0.        ]]\n","means: [48.65130169 26.37599568 27.41249892 37.3603418  26.72083923]\n","mean: 33.30419546386797\n","std: 8.695270120080812\n","[[ 0.         34.24477251 32.88866658 37.74765139 29.96565524]\n"," [34.24477251  0.          9.58846874  9.57883469 11.00991697]\n"," [32.88866658  9.58846874  0.          9.75033171  9.60267399]\n"," [37.74765139  9.57883469  9.75033171  0.         11.66062277]\n"," [29.96565524 11.00991697  9.60267399 11.66062277  0.        ]]\n","means: [26.96934914 12.88439858 12.3660282  13.74748811 12.44777379]\n","mean: 15.683007567405397\n","std: 5.664433663409176\n","[[ 0.         23.41973421 18.67064444 49.55527279 47.80003228]\n"," [23.41973421  0.         26.75456664 30.6228451  29.82943074]\n"," [18.67064444 26.75456664  0.         50.38868588 48.43807785]\n"," [49.55527279 30.6228451  50.38868588  0.         12.22140401]\n"," [47.80003228 29.82943074 48.43807785 12.22140401  0.        ]]\n","means: [27.88913675 22.12531534 28.85039496 28.55764156 27.65778898]\n","mean: 27.016055516502092\n","std: 2.4833332794268324\n","[[ 0.         32.09668265 13.55388303 34.35879315 27.06460492]\n"," [32.09668265  0.         21.62700075 20.1772883  19.87613495]\n"," [13.55388303 21.62700075  0.         25.5743168  19.80880669]\n"," [34.35879315 20.1772883  25.5743168   0.         10.70385877]\n"," [27.06460492 19.87613495 19.80880669 10.70385877  0.        ]]\n","means: [21.41479275 18.75542133 16.11280146 18.1628514  15.49068107]\n","mean: 17.98730960128803\n","std: 2.103111319238267\n","[[ 0.          9.9511585  11.7050957  10.58222946  9.1453827 ]\n"," [ 9.9511585   0.         13.96594244 12.2800752  12.48213044]\n"," [11.7050957  13.96594244  0.         10.92062811  6.28295893]\n"," [10.58222946 12.2800752  10.92062811  0.          8.49100468]\n"," [ 9.1453827  12.48213044  6.28295893  8.49100468  0.        ]]\n","means: [8.27677327 9.73586132 8.57492504 8.45478749 7.28029535]\n","mean: 8.464528492436628\n","std: 0.7831001970198019\n","[[ 0.         13.82939257 19.00761869 26.22345807 17.40233062]\n"," [13.82939257  0.         13.3135099  23.00807963 13.75919446]\n"," [19.00761869 13.3135099   0.         25.04819049 17.03740901]\n"," [26.22345807 23.00807963 25.04819049  0.         16.78345011]\n"," [17.40233062 13.75919446 17.03740901 16.78345011  0.        ]]\n","means: [15.29255999 12.78203531 14.88134562 18.21263566 12.99647684]\n","mean: 14.833010684245362\n","std: 1.9603440180208067\n","[[ 0.         24.20368557 32.14384158 50.29164204 65.73521615]\n"," [24.20368557  0.         22.20036064 43.5672915  63.26778284]\n"," [32.14384158 22.20036064  0.         31.70007501 56.36674728]\n"," [50.29164204 43.5672915  31.70007501  0.         55.63069585]\n"," [65.73521615 63.26778284 56.36674728 55.63069585  0.        ]]\n","means: [34.47487707 30.64782411 28.4822049  36.23794088 48.20008842]\n","mean: 35.608587077107984\n","std: 6.864718244562769\n","[[ 0.         57.65077066 32.28777342 48.85587648 36.41413374]\n"," [57.65077066  0.         60.62597498 47.30194186 59.59761782]\n"," [32.28777342 60.62597498  0.         43.99590212 33.85500505]\n"," [48.85587648 47.30194186 43.99590212  0.         40.39635878]\n"," [36.41413374 59.59761782 33.85500505 40.39635878  0.        ]]\n","means: [35.04171086 45.03526106 34.15293111 36.11001585 34.05262308]\n","mean: 36.87850839192541\n","std: 4.14515185307246\n","[[ 0.         34.58381838 34.51974373 41.48593842 32.38283915]\n"," [34.58381838  0.         21.10451364 25.46563164 34.70089656]\n"," [34.51974373 21.10451364  0.         26.10057195 32.06229087]\n"," [41.48593842 25.46563164 26.10057195  0.         23.5737456 ]\n"," [32.38283915 34.70089656 32.06229087 23.5737456   0.        ]]\n","means: [28.59446794 23.17097205 22.75742404 23.32517752 24.54395444]\n","mean: 24.478399195190995\n","std: 2.1423053396273612\n","[[ 0.         33.5482976  26.51732285 28.53532357 28.6166424 ]\n"," [33.5482976   0.         17.16426038 18.93406037 34.71199672]\n"," [26.51732285 17.16426038  0.         21.75358723 30.08167379]\n"," [28.53532357 18.93406037 21.75358723  0.         36.09295441]\n"," [28.6166424  34.71199672 30.08167379 36.09295441  0.        ]]\n","means: [23.44351728 20.87172301 19.10336885 21.06318512 25.90065346]\n","mean: 22.076489545698067\n","std: 2.358418514149048\n","[[ 0.         13.88196716  9.54147782 14.24800181 14.62462831]\n"," [13.88196716  0.         15.58762822 15.2200404  19.84188424]\n"," [ 9.54147782 15.58762822  0.         11.41645056 10.01281227]\n"," [14.24800181 15.2200404  11.41645056  0.         14.73632029]\n"," [14.62462831 19.84188424 10.01281227 14.73632029  0.        ]]\n","means: [10.45921502 12.90630401  9.31167377 11.12416261 11.84312902]\n","mean: 11.12889688678521\n","std: 1.2182035680726393\n","[[ 0.         16.91553089 16.65434806 18.44239279 18.04166645]\n"," [16.91553089  0.         11.86283858 13.23011902 22.14490717]\n"," [16.65434806 11.86283858  0.          9.08922493 17.38664725]\n"," [18.44239279 13.23011902  9.08922493  0.         13.30284941]\n"," [18.04166645 22.14490717 17.38664725 13.30284941  0.        ]]\n","means: [14.01078764 12.83067913 10.99861176 10.81291723 14.17521406]\n","mean: 12.565641964209158\n","std: 1.4336694655954327\n","[[  0.         107.33558026 168.79760139 119.0034806  133.61070871]\n"," [107.33558026   0.          93.97857809  68.58545269  78.0630459 ]\n"," [168.79760139  93.97857809   0.          84.8671118   99.58378511]\n"," [119.0034806   68.58545269  84.8671118    0.          74.53365136]\n"," [133.61070871  78.0630459   99.58378511  74.53365136   0.        ]]\n","means: [105.74947419  69.59253139  89.44541528  69.39793929  77.15823822]\n","mean: 82.26871967275784\n","std: 13.822521841564527\n","[[ 0.         10.15903174  9.3921501  12.89678877 10.74056002]\n"," [10.15903174  0.          9.44478803 10.94978437  9.93952703]\n"," [ 9.3921501   9.44478803  0.         11.82882983 12.48026917]\n"," [12.89678877 10.94978437 11.82882983  0.         14.0787424 ]\n"," [10.74056002  9.93952703 12.48026917 14.0787424   0.        ]]\n","means: [8.63770613 8.09862623 8.62920743 9.95082907 9.44781973]\n","mean: 8.95283771762224\n","std: 0.6595021878812389\n","[[ 0.          9.05126006  8.02525634 16.14588202 12.10157627]\n"," [ 9.05126006  0.         10.13256757 18.84295067 11.072717  ]\n"," [ 8.02525634 10.13256757  0.         18.75900301 13.18210631]\n"," [16.14588202 18.84295067 18.75900301  0.         14.79362976]\n"," [12.10157627 11.072717   13.18210631 14.79362976  0.        ]]\n","means: [ 9.06479494  9.81989906 10.01978665 13.70829309 10.23000587]\n","mean: 10.568555920557953\n","std: 1.6183632196610633\n","[[ 0.         15.89978259 17.24517059 22.77956091 27.1952928 ]\n"," [15.89978259  0.          8.04572542  9.35926952 15.75034783]\n"," [17.24517059  8.04572542  0.          9.98007187 12.3170251 ]\n"," [22.77956091  9.35926952  9.98007187  0.         11.55310872]\n"," [27.1952928  15.75034783 12.3170251  11.55310872  0.        ]]\n","means: [16.62396138  9.81102507  9.5175986  10.7344022  13.36315489]\n","mean: 12.01002842714506\n","std: 2.675607332070247\n","[[ 0.         21.98775473 27.20711063 19.65681486 39.21303638]\n"," [21.98775473  0.         12.61266577 15.1437026  24.2986333 ]\n"," [27.20711063 12.61266577  0.         17.7076616  21.38514542]\n"," [19.65681486 15.1437026  17.7076616   0.         28.51692155]\n"," [39.21303638 24.2986333  21.38514542 28.51692155  0.        ]]\n","means: [21.61294332 14.80855128 15.78251668 16.20502012 22.68274733]\n","mean: 18.218355746823214\n","std: 3.2578402593472284\n","[[ 0.         41.1859454  27.03140366 24.53596755 26.9969317 ]\n"," [41.1859454   0.         26.63640169 28.76748851 25.50097795]\n"," [27.03140366 26.63640169  0.         22.92740421 15.96361444]\n"," [24.53596755 28.76748851 22.92740421  0.         20.29697113]\n"," [26.9969317  25.50097795 15.96361444 20.29697113  0.        ]]\n","means: [23.95004966 24.41816271 18.5117648  19.30556628 17.75169904]\n","mean: 20.7874484996128\n","std: 2.820447403318038\n","[[ 0.         18.12088012 25.83014758 29.15149023 28.01801889]\n"," [18.12088012  0.         26.09438864 22.70970043 20.17622057]\n"," [25.83014758 26.09438864  0.         21.14563267 19.15026183]\n"," [29.15149023 22.70970043 21.14563267  0.         17.31546087]\n"," [28.01801889 20.17622057 19.15026183 17.31546087  0.        ]]\n","means: [20.22410736 17.42023795 18.44408614 18.06445684 16.93199243]\n","mean: 18.216976147280104\n","std: 1.1304328112413604\n","[[  0.         117.1711321  109.48879351 148.76998859 146.08809113]\n"," [117.1711321    0.          24.16345435  40.34032079  38.97554947]\n"," [109.48879351  24.16345435   0.          42.14802626  40.47889102]\n"," [148.76998859  40.34032079  42.14802626   0.          10.58205446]\n"," [146.08809113  38.97554947  40.47889102  10.58205446   0.        ]]\n","means: [104.30360107  44.13009134  43.25583303  48.36807802  47.22491722]\n","mean: 57.45650413547563\n","std: 23.499734844512368\n","[[ 0.         11.77971158  8.80156823 12.78711253 20.19102906]\n"," [11.77971158  0.         11.54563699 12.93559545 25.25200395]\n"," [ 8.80156823 11.54563699  0.         10.81373387 19.40030212]\n"," [12.78711253 12.93559545 10.81373387  0.         21.09347216]\n"," [20.19102906 25.25200395 19.40030212 21.09347216  0.        ]]\n","means: [10.71188428 12.30258959 10.11224824 11.5259828  17.18736146]\n","mean: 12.368013275141866\n","std: 2.5207400351901543\n","[[ 0.         31.45729027 32.50136774 22.55960828 35.09731621]\n"," [31.45729027  0.         19.65917778 27.32849099 22.54091479]\n"," [32.50136774 19.65917778  0.         33.23275895 35.17807983]\n"," [22.55960828 27.32849099 33.23275895  0.         25.07692363]\n"," [35.09731621 22.54091479 35.17807983 25.07692363  0.        ]]\n","means: [24.3231165  20.19717477 24.11427686 21.63955637 23.57864689]\n","mean: 22.7705542781176\n","std: 1.598154678640963\n","[[ 0.         45.96849297 37.66548768 31.76318429 25.86355222]\n"," [45.96849297  0.         21.32494615 23.62558249 38.19361656]\n"," [37.66548768 21.32494615  0.         14.77056691 27.99549698]\n"," [31.76318429 23.62558249 14.77056691  0.         24.97244902]\n"," [25.86355222 38.19361656 27.99549698 24.97244902  0.        ]]\n","means: [28.25214343 25.82252763 20.35129955 19.02635654 23.40502295]\n","mean: 23.371470021847944\n","std: 3.400918199506566\n","[[ 0.         10.30278639 19.77713263 17.43241624 19.18576504]\n"," [10.30278639  0.         13.64212804 11.0528249  14.28060067]\n"," [19.77713263 13.64212804  0.          7.37732616 